4.925
3.408
3.118
2.852
2.570
2.304
2.156
1.950
1.842
1.769
1.688
1.613
1.548
1.510
1.457
1.448
1.367
1.350
1.321
1.309
1.266
1.264
1.219
1.230
1.220
1.208
1.193
1.182
1.149
1.147
1.152
1.139
1.118
1.136
1.118
1.122
1.109
1.104
1.113
1.094
1.076
1.081
1.062
1.066
1.077
1.070
1.055
1.061
1.063
1.038
1.062
1.052
1.032
1.030
1.037
1.014
1.032
1.041
1.019
1.005
1.024
1.019
0.997
1.017
1.000
1.014
1.009
0.998
1.000
1.009
0.993
0.991
0.983
0.983
1.000
0.992
0.994
0.981
0.996
0.980
0.974
0.976
0.975
0.971
0.980
0.971
0.968
0.953
0.978
0.971
0.943
0.961
0.965
0.939
0.952
0.956
0.945
0.947
0.946
0.954
