0000,   0.67 ,   0.69 ,   0.26 
0001,   0.69 ,   0.33 ,   0.3  
0002,   0.16 ,   0.27 ,   0.15 
0003,   0.54 ,   0.33 ,   0.17 
0004,   0.32 ,   0.45 ,   0.3  
0005,   0.78 ,   0.26 ,   0.17 
0006,   0.44 ,   0.49 ,   0.19 
0007,   0.45 ,   0.4  ,   0.31 
0008,   0.35 ,   0.23 ,   0.19 
0009,   0.78 ,   0.66 ,   0.17 
0010,   0.57 ,   0.27 ,   0.2  
0011,   0.73 ,   0.53 ,   0.25 
0012,   0.41 ,   0.28 ,   0.27 
0013,   0.72 ,   0.22 ,   0.19 
0014,   0.65 ,   0.35 ,   0.25 
0015,   0.49 ,   0.44 ,   0.4  
0016,   0.28 ,   0.43 ,   0.22 
0017,   0.73 ,   0.43 ,   0.2  
0018,   0.41 ,   0.3  ,   0.25 
0019,   0.79 ,   0.78 ,   0.17 
0020,   0.34 ,   0.26 ,   0.2  
0021,   0.59 ,   0.23 ,   0.16 
0022,   0.41 ,   0.26 ,   0.18 
0023,   0.55 ,   0.28 ,   0.27 
0024,   0.27 ,   0.31 ,   0.19 
0025,   0.54 ,   0.29 ,   0.23 
0026,   0.58 ,   0.22 ,   0.16 
0027,   0.63 ,   0.44 ,   0.2  
0028,   0.71 ,   0.63 ,   0.23 
0029,   0.6  ,   0.33 ,   0.15 
0030,   0.69 ,   0.33 ,   0.27 
0031,   0.4  ,   0.37 ,   0.3  
0032,   0.4  ,   0.43 ,   0.17 
0033,   0.25 ,   0.4  ,   0.23 
0034,   0.45 ,   0.4  ,   0.36 
0035,   0.2  ,   0.3  ,   0.16 
0036,   0.74 ,   0.53 ,   0.19 
0037,   0.68 ,   0.45 ,   0.2  
0038,   0.58 ,   0.28 ,   0.27 
0039,   0.63 ,   0.26 ,   0.15 
0040,   0.36 ,   0.48 ,   0.34 
0041,   0.58 ,   0.41 ,   0.25 
0042,   0.25 ,   0.74 ,   0.19 
0043,   0.57 ,   0.73 ,   0.18 
0044,   0.22 ,   0.74 ,   0.21 
0045,   0.44 ,   0.78 ,   0.18 
0046,   0.47 ,   0.59 ,   0.21 
0047,   0.51 ,   0.4  ,   0.29 
0048,   0.39 ,   0.25 ,   0.21 
0049,   0.18 ,   0.79 ,   0.15 
0050,   0.39 ,   0.47 ,   0.2  
0051,   0.34 ,   0.65 ,   0.24 
0052,   0.43 ,   0.71 ,   0.27 
0053,   0.45 ,   0.54 ,   0.31 
0054,   0.32 ,   0.47 ,   0.22 
0055,   0.42 ,   0.32 ,   0.16 
0056,   0.36 ,   0.77 ,   0.2  
0057,   0.45 ,   0.71 ,   0.25 
0058,   0.7  ,   0.72 ,   0.2  
0059,   0.76 ,   0.76 ,   0.21 
0060,   0.53 ,   0.53 ,   0.34 
0061,   0.48 ,   0.24 ,   0.18 
0062,   0.31 ,   0.28 ,   0.27 
0063,   0.38 ,   0.61 ,   0.19 
0064,   0.31 ,   0.38 ,   0.2  
0065,   0.67 ,   0.31 ,   0.25 
0066,   0.69 ,   0.67 ,   0.29 
0067,   0.22 ,   0.33 ,   0.18 
0068,   0.28 ,   0.19 ,   0.18 
0069,   0.43 ,   0.5  ,   0.23 
0070,   0.69 ,   0.38 ,   0.16 
0071,   0.5  ,   0.47 ,   0.15 
0072,   0.53 ,   0.53 ,   0.38 
0073,   0.57 ,   0.68 ,   0.27 
0074,   0.42 ,   0.41 ,   0.22 
0075,   0.39 ,   0.53 ,   0.21 
0076,   0.78 ,   0.32 ,   0.18 
0077,   0.77 ,   0.38 ,   0.16 
0078,   0.52 ,   0.37 ,   0.24 
0079,   0.56 ,   0.65 ,   0.31 
0080,   0.29 ,   0.52 ,   0.16 
0081,   0.54 ,   0.71 ,   0.17 
0082,   0.38 ,   0.41 ,   0.25 
0083,   0.51 ,   0.48 ,   0.19 
0084,   0.77 ,   0.6  ,   0.21 
0085,   0.49 ,   0.35 ,   0.21 
0086,   0.53 ,   0.72 ,   0.2  
0087,   0.52 ,   0.45 ,   0.35 
0088,   0.39 ,   0.68 ,   0.21 
0089,   0.38 ,   0.33 ,   0.32 
0090,   0.25 ,   0.59 ,   0.23 
0091,   0.3  ,   0.55 ,   0.22 
0092,   0.27 ,   0.42 ,   0.24 
0093,   0.5  ,   0.54 ,   0.46 
0094,   0.69 ,   0.58 ,   0.17 
0095,   0.32 ,   0.76 ,   0.22 
0096,   0.76 ,   0.41 ,   0.16 
0097,   0.42 ,   0.3  ,   0.16 
0098,   0.64 ,   0.68 ,   0.24 
0099,   0.26 ,   0.66 ,   0.19 
0100,   0.46 ,   0.25 ,   0.19 
0101,   0.77 ,   0.53 ,   0.15 
0102,   0.54 ,   0.3  ,   0.27 
0103,   0.73 ,   0.43 ,   0.17 
0104,   0.67 ,   0.21 ,   0.16 
0105,   0.27 ,   0.76 ,   0.16 
0106,   0.25 ,   0.61 ,   0.16 
0107,   0.49 ,   0.63 ,   0.17 
0108,   0.5  ,   0.35 ,   0.34 
0109,   0.66 ,   0.33 ,   0.32 
0110,   0.53 ,   0.47 ,   0.24 
0111,   0.38 ,   0.59 ,   0.18 
0112,   0.48 ,   0.45 ,   0.42 
0113,   0.69 ,   0.52 ,   0.17 
0114,   0.29 ,   0.48 ,   0.24 
0115,   0.49 ,   0.61 ,   0.19 
0116,   0.25 ,   0.78 ,   0.16 
0117,   0.35 ,   0.28 ,   0.2  
0118,   0.23 ,   0.64 ,   0.17 
0119,   0.78 ,   0.34 ,   0.19 
0120,   0.75 ,   0.67 ,   0.24 
0121,   0.51 ,   0.59 ,   0.25 
0122,   0.6  ,   0.81 ,   0.18 
0123,   0.73 ,   0.34 ,   0.22 
0124,   0.43 ,   0.55 ,   0.19 
0125,   0.17 ,   0.27 ,   0.17 
0126,   0.66 ,   0.51 ,   0.22 
0127,   0.56 ,   0.57 ,   0.17 
0128,   0.68 ,   0.22 ,   0.18 
0129,   0.69 ,   0.66 ,   0.23 
0130,   0.39 ,   0.49 ,   0.26 
0131,   0.5  ,   0.5  ,   0.36 
0132,   0.58 ,   0.5  ,   0.18 
0133,   0.28 ,   0.27 ,   0.23 
0134,   0.81 ,   0.38 ,   0.16 
0135,   0.51 ,   0.64 ,   0.15 
0136,   0.24 ,   0.7  ,   0.2  
0137,   0.49 ,   0.41 ,   0.15 
0138,   0.69 ,   0.29 ,   0.23 
0139,   0.51 ,   0.4  ,   0.21 
0140,   0.47 ,   0.57 ,   0.39 
0141,   0.7  ,   0.37 ,   0.29 
0142,   0.24 ,   0.53 ,   0.16 
0143,   0.49 ,   0.29 ,   0.24 
0144,   0.64 ,   0.58 ,   0.26 
0145,   0.37 ,   0.31 ,   0.25 
0146,   0.24 ,   0.45 ,   0.15 
0147,   0.59 ,   0.27 ,   0.17 
0148,   0.78 ,   0.35 ,   0.17 
0149,   0.23 ,   0.22 ,   0.2  
0150,   0.76 ,   0.52 ,   0.15 
0151,   0.23 ,   0.74 ,   0.15 
0152,   0.58 ,   0.75 ,   0.23 
0153,   0.44 ,   0.58 ,   0.32 
0154,   0.5  ,   0.77 ,   0.2  
0155,   0.37 ,   0.63 ,   0.22 
0156,   0.42 ,   0.76 ,   0.2  
0157,   0.71 ,   0.7  ,   0.22 
0158,   0.57 ,   0.3  ,   0.29 
0159,   0.51 ,   0.55 ,   0.41 
0160,   0.21 ,   0.4  ,   0.19 
0161,   0.64 ,   0.27 ,   0.19 
0162,   0.36 ,   0.27 ,   0.26 
0163,   0.68 ,   0.75 ,   0.2  
0164,   0.27 ,   0.41 ,   0.26 
0165,   0.33 ,   0.22 ,   0.18 
0166,   0.54 ,   0.35 ,   0.22 
0167,   0.24 ,   0.82 ,   0.17 
0168,   0.41 ,   0.56 ,   0.27 
0169,   0.77 ,   0.51 ,   0.17 
0170,   0.62 ,   0.49 ,   0.15 
0171,   0.65 ,   0.55 ,   0.16 
0172,   0.78 ,   0.25 ,   0.18 
0173,   0.33 ,   0.19 ,   0.16 
0174,   0.67 ,   0.49 ,   0.23 
0175,   0.75 ,   0.41 ,   0.22 
0176,   0.43 ,   0.26 ,   0.19 
0177,   0.77 ,   0.7  ,   0.22 
0178,   0.73 ,   0.37 ,   0.25 
0179,   0.8  ,   0.25 ,   0.15 
0180,   0.66 ,   0.61 ,   0.27 
0181,   0.44 ,   0.57 ,   0.27 
0182,   0.66 ,   0.4  ,   0.34 
0183,   0.57 ,   0.53 ,   0.24 
0184,   0.36 ,   0.65 ,   0.19 
0185,   0.71 ,   0.21 ,   0.18 
0186,   0.63 ,   0.26 ,   0.25 
0187,   0.38 ,   0.28 ,   0.18 
0188,   0.22 ,   0.29 ,   0.18 
0189,   0.54 ,   0.66 ,   0.21 
0190,   0.67 ,   0.38 ,   0.31 
0191,   0.28 ,   0.34 ,   0.18 
0192,   0.17 ,   0.83 ,   0.15 
0193,   0.42 ,   0.18 ,   0.16 
0194,   0.58 ,   0.71 ,   0.17 
0195,   0.3  ,   0.5  ,   0.22 
0196,   0.54 ,   0.26 ,   0.24 
0197,   0.74 ,   0.69 ,   0.24 
0198,   0.56 ,   0.78 ,   0.22 
0199,   0.71 ,   0.73 ,   0.2  
0200,   0.69 ,   0.49 ,   0.28 
0201,   0.27 ,   0.81 ,   0.18 
0202,   0.7  ,   0.69 ,   0.19 
0203,   0.45 ,   0.4  ,   0.39 
0204,   0.22 ,   0.41 ,   0.18 
0205,   0.51 ,   0.4  ,   0.34 
0206,   0.48 ,   0.82 ,   0.17 
0207,   0.51 ,   0.6  ,   0.25 
0208,   0.42 ,   0.66 ,   0.19 
0209,   0.37 ,   0.74 ,   0.2  
0210,   0.42 ,   0.46 ,   0.26 
0211,   0.77 ,   0.45 ,   0.18 
0212,   0.68 ,   0.66 ,   0.16 
0213,   0.55 ,   0.47 ,   0.27 
0214,   0.77 ,   0.44 ,   0.22 
0215,   0.41 ,   0.21 ,   0.16 
0216,   0.54 ,   0.37 ,   0.21 
0217,   0.69 ,   0.27 ,   0.15 
0218,   0.24 ,   0.42 ,   0.15 
0219,   0.24 ,   0.47 ,   0.18 
0220,   0.58 ,   0.47 ,   0.37 
0221,   0.38 ,   0.65 ,   0.3  
0222,   0.28 ,   0.4  ,   0.24 
0223,   0.39 ,   0.83 ,   0.16 
0224,   0.42 ,   0.32 ,   0.29 
0225,   0.63 ,   0.49 ,   0.26 
0226,   0.6  ,   0.19 ,   0.17 
0227,   0.23 ,   0.3  ,   0.16 
0228,   0.7  ,   0.31 ,   0.16 
0229,   0.62 ,   0.53 ,   0.21 
0230,   0.55 ,   0.7  ,   0.15 
0231,   0.36 ,   0.3  ,   0.16 
0232,   0.32 ,   0.55 ,   0.16 
0233,   0.29 ,   0.69 ,   0.17 
0234,   0.5  ,   0.77 ,   0.2  
0235,   0.32 ,   0.77 ,   0.22 
0236,   0.51 ,   0.45 ,   0.39 
0237,   0.21 ,   0.43 ,   0.16 
0238,   0.38 ,   0.33 ,   0.32 
0239,   0.29 ,   0.27 ,   0.16 
0240,   0.6  ,   0.39 ,   0.24 
0241,   0.64 ,   0.51 ,   0.26 
0242,   0.4  ,   0.35 ,   0.31 
0243,   0.38 ,   0.63 ,   0.27 
0244,   0.76 ,   0.76 ,   0.19 
0245,   0.36 ,   0.4  ,   0.25 
0246,   0.38 ,   0.39 ,   0.35 
0247,   0.37 ,   0.46 ,   0.21 
0248,   0.58 ,   0.58 ,   0.41 
0249,   0.46 ,   0.24 ,   0.18 
0250,   0.33 ,   0.35 ,   0.2  
0251,   0.41 ,   0.72 ,   0.21 
0252,   0.41 ,   0.43 ,   0.35 
0253,   0.61 ,   0.5  ,   0.18 
0254,   0.22 ,   0.59 ,   0.19 
0255,   0.51 ,   0.54 ,   0.33 
0256,   0.58 ,   0.52 ,   0.38 
0257,   0.43 ,   0.36 ,   0.17 
0258,   0.55 ,   0.71 ,   0.21 
0259,   0.73 ,   0.76 ,   0.17 
0260,   0.41 ,   0.74 ,   0.16 
0261,   0.37 ,   0.68 ,   0.16 
0262,   0.81 ,   0.61 ,   0.19 
0263,   0.21 ,   0.46 ,   0.17 
0264,   0.66 ,   0.21 ,   0.21 
0265,   0.83 ,   0.38 ,   0.16 
0266,   0.55 ,   0.33 ,   0.24 
0267,   0.4  ,   0.6  ,   0.2  
0268,   0.33 ,   0.27 ,   0.25 
0269,   0.41 ,   0.54 ,   0.31 
0270,   0.31 ,   0.22 ,   0.2  
0271,   0.38 ,   0.4  ,   0.25 
0272,   0.2  ,   0.77 ,   0.2  
0273,   0.24 ,   0.52 ,   0.24 
0274,   0.74 ,   0.36 ,   0.19 
0275,   0.21 ,   0.3  ,   0.16 
0276,   0.63 ,   0.27 ,   0.21 
0277,   0.5  ,   0.4  ,   0.35 
0278,   0.27 ,   0.58 ,   0.27 
0279,   0.62 ,   0.55 ,   0.18 
0280,   0.23 ,   0.48 ,   0.23 
0281,   0.5  ,   0.67 ,   0.23 
0282,   0.4  ,   0.69 ,   0.25 
0283,   0.51 ,   0.61 ,   0.17 
0284,   0.58 ,   0.68 ,   0.17 
0285,   0.47 ,   0.56 ,   0.37 
0286,   0.5  ,   0.45 ,   0.17 
0287,   0.19 ,   0.39 ,   0.18 
0288,   0.38 ,   0.36 ,   0.28 
0289,   0.74 ,   0.72 ,   0.26 
0290,   0.71 ,   0.49 ,   0.17 
0291,   0.43 ,   0.37 ,   0.17 
0292,   0.23 ,   0.35 ,   0.17 
0293,   0.7  ,   0.73 ,   0.17 
0294,   0.25 ,   0.6  ,   0.19 
0295,   0.54 ,   0.26 ,   0.24 
0296,   0.43 ,   0.47 ,   0.19 
0297,   0.76 ,   0.21 ,   0.17 
0298,   0.31 ,   0.49 ,   0.3  
0299,   0.63 ,   0.43 ,   0.25 
0300,   0.43 ,   0.52 ,   0.17 
0301,   0.63 ,   0.38 ,   0.23 
0302,   0.4  ,   0.65 ,   0.24 
0303,   0.42 ,   0.4  ,   0.21 
0304,   0.84 ,   0.71 ,   0.16 
0305,   0.68 ,   0.78 ,   0.15 
0306,   0.59 ,   0.66 ,   0.2  
0307,   0.17 ,   0.67 ,   0.17 
0308,   0.39 ,   0.29 ,   0.26 
0309,   0.69 ,   0.74 ,   0.24 
0310,   0.37 ,   0.78 ,   0.2  
0311,   0.76 ,   0.56 ,   0.17 
0312,   0.33 ,   0.78 ,   0.2  
0313,   0.36 ,   0.7  ,   0.24 
0314,   0.74 ,   0.43 ,   0.18 
0315,   0.4  ,   0.7  ,   0.2  
0316,   0.44 ,   0.61 ,   0.27 
0317,   0.23 ,   0.3  ,   0.16 
0318,   0.38 ,   0.33 ,   0.31 
0319,   0.77 ,   0.58 ,   0.22 
0320,   0.19 ,   0.25 ,   0.18 
0321,   0.77 ,   0.76 ,   0.23 
0322,   0.25 ,   0.4  ,   0.17 
0323,   0.74 ,   0.43 ,   0.2  
0324,   0.52 ,   0.77 ,   0.22 
0325,   0.34 ,   0.61 ,   0.27 
0326,   0.63 ,   0.32 ,   0.28 
0327,   0.6  ,   0.21 ,   0.15 
0328,   0.58 ,   0.63 ,   0.28 
0329,   0.64 ,   0.32 ,   0.23 
0330,   0.6  ,   0.42 ,   0.2  
0331,   0.6  ,   0.38 ,   0.3  
0332,   0.67 ,   0.41 ,   0.2  
0333,   0.56 ,   0.57 ,   0.35 
0334,   0.57 ,   0.42 ,   0.41 
0335,   0.66 ,   0.53 ,   0.2  
0336,   0.79 ,   0.62 ,   0.15 
0337,   0.53 ,   0.61 ,   0.38 
0338,   0.54 ,   0.44 ,   0.17 
0339,   0.82 ,   0.58 ,   0.16 
0340,   0.36 ,   0.3  ,   0.23 
0341,   0.48 ,   0.79 ,   0.18 
0342,   0.49 ,   0.64 ,   0.21 
0343,   0.56 ,   0.62 ,   0.37 
0344,   0.36 ,   0.33 ,   0.17 
0345,   0.47 ,   0.7  ,   0.24 
0346,   0.49 ,   0.68 ,   0.21 
0347,   0.62 ,   0.71 ,   0.15 
0348,   0.64 ,   0.22 ,   0.19 
0349,   0.71 ,   0.22 ,   0.2  
0350,   0.62 ,   0.7  ,   0.26 
0351,   0.71 ,   0.46 ,   0.22 
0352,   0.5  ,   0.36 ,   0.32 
0353,   0.36 ,   0.31 ,   0.24 
0354,   0.39 ,   0.57 ,   0.38 
0355,   0.21 ,   0.7  ,   0.18 
0356,   0.27 ,   0.34 ,   0.24 
0357,   0.73 ,   0.24 ,   0.18 
0358,   0.69 ,   0.28 ,   0.19 
0359,   0.67 ,   0.63 ,   0.15 
0360,   0.52 ,   0.48 ,   0.38 
0361,   0.19 ,   0.15 ,   0.15 
0362,   0.46 ,   0.47 ,   0.3  
0363,   0.43 ,   0.26 ,   0.16 
0364,   0.64 ,   0.54 ,   0.3  
0365,   0.56 ,   0.18 ,   0.15 
0366,   0.74 ,   0.64 ,   0.24 
0367,   0.64 ,   0.54 ,   0.17 
0368,   0.32 ,   0.24 ,   0.21 
0369,   0.83 ,   0.66 ,   0.16 
0370,   0.52 ,   0.45 ,   0.41 
0371,   0.7  ,   0.53 ,   0.17 
0372,   0.4  ,   0.45 ,   0.27 
0373,   0.74 ,   0.17 ,   0.16 
0374,   0.74 ,   0.26 ,   0.21 
0375,   0.79 ,   0.61 ,   0.21 
0376,   0.51 ,   0.72 ,   0.24 
0377,   0.53 ,   0.37 ,   0.3  
0378,   0.28 ,   0.25 ,   0.2  
0379,   0.58 ,   0.75 ,   0.16 
0380,   0.53 ,   0.42 ,   0.29 
0381,   0.51 ,   0.51 ,   0.47 
0382,   0.45 ,   0.59 ,   0.36 
0383,   0.39 ,   0.6  ,   0.21 
0384,   0.58 ,   0.66 ,   0.2  
0385,   0.43 ,   0.67 ,   0.29 
0386,   0.73 ,   0.75 ,   0.2  
0387,   0.73 ,   0.61 ,   0.18 
0388,   0.76 ,   0.67 ,   0.16 
0389,   0.56 ,   0.57 ,   0.31 
0390,   0.76 ,   0.48 ,   0.16 
0391,   0.26 ,   0.79 ,   0.17 
0392,   0.46 ,   0.61 ,   0.17 
0393,   0.22 ,   0.51 ,   0.19 
0394,   0.32 ,   0.46 ,   0.2  
0395,   0.61 ,   0.28 ,   0.19 
0396,   0.59 ,   0.5  ,   0.21 
0397,   0.33 ,   0.57 ,   0.3  
0398,   0.55 ,   0.34 ,   0.32 
0399,   0.68 ,   0.27 ,   0.25 
0400,   0.76 ,   0.25 ,   0.21 
0401,   0.79 ,   0.46 ,   0.19 
0402,   0.33 ,   0.5  ,   0.32 
0403,   0.53 ,   0.68 ,   0.21 
0404,   0.34 ,   0.28 ,   0.18 
0405,   0.45 ,   0.65 ,   0.3  
0406,   0.62 ,   0.69 ,   0.24 
0407,   0.22 ,   0.66 ,   0.18 
0408,   0.52 ,   0.43 ,   0.17 
0409,   0.49 ,   0.5  ,   0.23 
0410,   0.37 ,   0.64 ,   0.24 
0411,   0.42 ,   0.65 ,   0.2  
0412,   0.61 ,   0.3  ,   0.15 
0413,   0.85 ,   0.66 ,   0.15 
0414,   0.4  ,   0.66 ,   0.19 
0415,   0.59 ,   0.57 ,   0.36 
0416,   0.48 ,   0.59 ,   0.28 
0417,   0.32 ,   0.74 ,   0.21 
0418,   0.49 ,   0.69 ,   0.27 
0419,   0.38 ,   0.43 ,   0.26 
0420,   0.65 ,   0.41 ,   0.33 
0421,   0.35 ,   0.49 ,   0.34 
0422,   0.61 ,   0.61 ,   0.27 
0423,   0.41 ,   0.68 ,   0.28 
0424,   0.42 ,   0.42 ,   0.38 
0425,   0.53 ,   0.37 ,   0.23 
0426,   0.35 ,   0.66 ,   0.17 
0427,   0.27 ,   0.65 ,   0.22 
0428,   0.47 ,   0.24 ,   0.19 
0429,   0.77 ,   0.76 ,   0.17 
0430,   0.26 ,   0.2  ,   0.16 
0431,   0.47 ,   0.43 ,   0.4  
0432,   0.28 ,   0.45 ,   0.19 
0433,   0.38 ,   0.19 ,   0.19 
0434,   0.38 ,   0.56 ,   0.27 
0435,   0.4  ,   0.77 ,   0.22 
0436,   0.42 ,   0.35 ,   0.21 
0437,   0.78 ,   0.22 ,   0.19 
0438,   0.32 ,   0.61 ,   0.19 
0439,   0.74 ,   0.21 ,   0.15 
0440,   0.78 ,   0.79 ,   0.18 
0441,   0.42 ,   0.68 ,   0.19 
0442,   0.74 ,   0.66 ,   0.16 
0443,   0.32 ,   0.74 ,   0.23 
0444,   0.79 ,   0.38 ,   0.2  
0445,   0.45 ,   0.54 ,   0.23 
0446,   0.32 ,   0.22 ,   0.2  
0447,   0.53 ,   0.35 ,   0.27 
0448,   0.45 ,   0.72 ,   0.21 
0449,   0.56 ,   0.19 ,   0.19 
0450,   0.78 ,   0.37 ,   0.17 
0451,   0.34 ,   0.69 ,   0.17 
0452,   0.5  ,   0.48 ,   0.43 
0453,   0.22 ,   0.18 ,   0.18 
0454,   0.43 ,   0.56 ,   0.38 
0455,   0.44 ,   0.5  ,   0.36 
0456,   0.69 ,   0.37 ,   0.31 
0457,   0.76 ,   0.45 ,   0.18 
0458,   0.43 ,   0.25 ,   0.23 
0459,   0.37 ,   0.72 ,   0.22 
0460,   0.63 ,   0.38 ,   0.19 
0461,   0.79 ,   0.57 ,   0.2  
0462,   0.38 ,   0.72 ,   0.22 
0463,   0.64 ,   0.7  ,   0.19 
0464,   0.53 ,   0.3  ,   0.2  
0465,   0.77 ,   0.39 ,   0.22 
0466,   0.74 ,   0.28 ,   0.19 
0467,   0.29 ,   0.51 ,   0.16 
0468,   0.8  ,   0.2  ,   0.18 
0469,   0.28 ,   0.79 ,   0.2  
0470,   0.21 ,   0.41 ,   0.15 
0471,   0.63 ,   0.47 ,   0.17 
0472,   0.5  ,   0.53 ,   0.16 
0473,   0.74 ,   0.36 ,   0.18 
0474,   0.41 ,   0.26 ,   0.17 
0475,   0.27 ,   0.31 ,   0.18 
0476,   0.8  ,   0.74 ,   0.19 
0477,   0.68 ,   0.55 ,   0.18 
0478,   0.77 ,   0.5  ,   0.2  
0479,   0.49 ,   0.74 ,   0.16 
0480,   0.71 ,   0.38 ,   0.17 
0481,   0.21 ,   0.62 ,   0.17 
0482,   0.71 ,   0.59 ,   0.22 
0483,   0.71 ,   0.19 ,   0.18 
0484,   0.23 ,   0.67 ,   0.15 
0485,   0.7  ,   0.74 ,   0.19 
0486,   0.69 ,   0.76 ,   0.16 
0487,   0.84 ,   0.57 ,   0.15 
0488,   0.29 ,   0.18 ,   0.17 
0489,   0.61 ,   0.78 ,   0.21 
0490,   0.38 ,   0.49 ,   0.33 
0491,   0.26 ,   0.37 ,   0.24 
0492,   0.62 ,   0.82 ,   0.16 
0493,   0.41 ,   0.53 ,   0.2  
0494,   0.45 ,   0.47 ,   0.17 
0495,   0.28 ,   0.79 ,   0.2  
0496,   0.25 ,   0.2  ,   0.18 
0497,   0.48 ,   0.57 ,   0.2  
0498,   0.52 ,   0.48 ,   0.16 
0499,   0.34 ,   0.34 ,   0.28 
0500,   0.81 ,   0.45 ,   0.18 
0501,   0.16 ,   0.49 ,   0.15 
0502,   0.29 ,   0.3  ,   0.27 
0503,   0.65 ,   0.69 ,   0.19 
0504,   0.42 ,   0.31 ,   0.17 
0505,   0.44 ,   0.33 ,   0.19 
0506,   0.61 ,   0.42 ,   0.25 
0507,   0.39 ,   0.33 ,   0.31 
0508,   0.81 ,   0.36 ,   0.15 
0509,   0.4  ,   0.43 ,   0.36 
0510,   0.36 ,   0.57 ,   0.33 
0511,   0.66 ,   0.56 ,   0.22 
0512,   0.3  ,   0.71 ,   0.29 
0513,   0.6  ,   0.31 ,   0.22 
0514,   0.62 ,   0.82 ,   0.16 
0515,   0.42 ,   0.44 ,   0.16 
0516,   0.75 ,   0.3  ,   0.18 
0517,   0.35 ,   0.41 ,   0.21 
0518,   0.61 ,   0.24 ,   0.2  
0519,   0.29 ,   0.74 ,   0.16 
0520,   0.52 ,   0.69 ,   0.15 
0521,   0.58 ,   0.45 ,   0.37 
0522,   0.3  ,   0.63 ,   0.26 
0523,   0.29 ,   0.21 ,   0.2  
0524,   0.21 ,   0.59 ,   0.16 
0525,   0.37 ,   0.58 ,   0.32 
0526,   0.21 ,   0.62 ,   0.17 
0527,   0.29 ,   0.2  ,   0.19 
0528,   0.41 ,   0.59 ,   0.16 
0529,   0.2  ,   0.29 ,   0.17 
0530,   0.24 ,   0.6  ,   0.19 
0531,   0.27 ,   0.45 ,   0.24 
0532,   0.56 ,   0.62 ,   0.21 
0533,   0.47 ,   0.38 ,   0.2  
0534,   0.5  ,   0.47 ,   0.3  
0535,   0.22 ,   0.56 ,   0.16 
0536,   0.53 ,   0.44 ,   0.41 
0537,   0.58 ,   0.4  ,   0.27 
0538,   0.24 ,   0.74 ,   0.15 
0539,   0.23 ,   0.5  ,   0.17 
0540,   0.2  ,   0.67 ,   0.19 
0541,   0.2  ,   0.44 ,   0.16 
0542,   0.39 ,   0.22 ,   0.2  
0543,   0.3  ,   0.28 ,   0.25 
0544,   0.5  ,   0.31 ,   0.24 
0545,   0.39 ,   0.38 ,   0.18 
0546,   0.61 ,   0.4  ,   0.35 
0547,   0.64 ,   0.33 ,   0.2  
0548,   0.76 ,   0.78 ,   0.15 
0549,   0.47 ,   0.36 ,   0.27 
0550,   0.56 ,   0.65 ,   0.26 
0551,   0.37 ,   0.66 ,   0.24 
0552,   0.43 ,   0.61 ,   0.35 
0553,   0.33 ,   0.42 ,   0.3  
0554,   0.83 ,   0.46 ,   0.16 
0555,   0.54 ,   0.63 ,   0.23 
0556,   0.21 ,   0.19 ,   0.19 
0557,   0.78 ,   0.54 ,   0.2  
0558,   0.5  ,   0.58 ,   0.34 
0559,   0.4  ,   0.21 ,   0.17 
0560,   0.44 ,   0.28 ,   0.26 
0561,   0.59 ,   0.67 ,   0.25 
0562,   0.42 ,   0.26 ,   0.23 
0563,   0.4  ,   0.34 ,   0.22 
0564,   0.41 ,   0.75 ,   0.17 
0565,   0.68 ,   0.64 ,   0.2  
0566,   0.3  ,   0.56 ,   0.27 
0567,   0.37 ,   0.64 ,   0.19 
0568,   0.59 ,   0.52 ,   0.25 
0569,   0.53 ,   0.48 ,   0.44 
0570,   0.61 ,   0.62 ,   0.3  
0571,   0.25 ,   0.28 ,   0.19 
0572,   0.61 ,   0.68 ,   0.25 
0573,   0.37 ,   0.36 ,   0.24 
0574,   0.72 ,   0.42 ,   0.26 
0575,   0.29 ,   0.75 ,   0.21 
0576,   0.53 ,   0.58 ,   0.38 
0577,   0.38 ,   0.25 ,   0.18 
0578,   0.22 ,   0.2  ,   0.16 
0579,   0.52 ,   0.42 ,   0.29 
0580,   0.36 ,   0.8  ,   0.18 
0581,   0.62 ,   0.64 ,   0.21 
0582,   0.25 ,   0.46 ,   0.16 
0583,   0.67 ,   0.52 ,   0.23 
0584,   0.75 ,   0.21 ,   0.18 
0585,   0.43 ,   0.32 ,   0.21 
0586,   0.66 ,   0.48 ,   0.18 
0587,   0.2  ,   0.38 ,   0.17 
0588,   0.41 ,   0.72 ,   0.25 
0589,   0.65 ,   0.46 ,   0.19 
0590,   0.52 ,   0.41 ,   0.29 
0591,   0.63 ,   0.26 ,   0.21 
0592,   0.42 ,   0.71 ,   0.17 
0593,   0.64 ,   0.45 ,   0.25 
0594,   0.2  ,   0.75 ,   0.18 
0595,   0.35 ,   0.47 ,   0.34 
0596,   0.29 ,   0.64 ,   0.27 
0597,   0.49 ,   0.35 ,   0.17 
0598,   0.36 ,   0.17 ,   0.17 
0599,   0.3  ,   0.56 ,   0.28 
0600,   0.55 ,   0.42 ,   0.41 
0601,   0.34 ,   0.46 ,   0.24 
0602,   0.45 ,   0.76 ,   0.21 
0603,   0.56 ,   0.55 ,   0.25 
0604,   0.58 ,   0.26 ,   0.25 
0605,   0.44 ,   0.27 ,   0.16 
0606,   0.45 ,   0.78 ,   0.19 
0607,   0.7  ,   0.51 ,   0.18 
0608,   0.23 ,   0.59 ,   0.2  
0609,   0.4  ,   0.57 ,   0.33 
0610,   0.32 ,   0.38 ,   0.25 
0611,   0.65 ,   0.33 ,   0.23 
0612,   0.59 ,   0.58 ,   0.41 
0613,   0.53 ,   0.69 ,   0.31 
0614,   0.62 ,   0.67 ,   0.29 
0615,   0.39 ,   0.55 ,   0.32 
0616,   0.69 ,   0.51 ,   0.25 
0617,   0.3  ,   0.47 ,   0.22 
0618,   0.54 ,   0.7  ,   0.17 
0619,   0.35 ,   0.65 ,   0.33 
0620,   0.49 ,   0.31 ,   0.19 
0621,   0.73 ,   0.51 ,   0.27 
0622,   0.68 ,   0.67 ,   0.19 
0623,   0.62 ,   0.36 ,   0.19 
0624,   0.74 ,   0.83 ,   0.16 
0625,   0.6  ,   0.33 ,   0.28 
0626,   0.69 ,   0.51 ,   0.28 
0627,   0.7  ,   0.6  ,   0.28 
0628,   0.8  ,   0.26 ,   0.19 
0629,   0.3  ,   0.36 ,   0.15 
0630,   0.47 ,   0.55 ,   0.44 
0631,   0.53 ,   0.28 ,   0.27 
0632,   0.44 ,   0.65 ,   0.25 
0633,   0.4  ,   0.33 ,   0.33 
0634,   0.58 ,   0.39 ,   0.26 
0635,   0.45 ,   0.27 ,   0.26 
0636,   0.37 ,   0.39 ,   0.16 
0637,   0.35 ,   0.25 ,   0.21 
0638,   0.64 ,   0.25 ,   0.25 
0639,   0.39 ,   0.25 ,   0.23 
0640,   0.69 ,   0.73 ,   0.27 
0641,   0.47 ,   0.35 ,   0.25 
0642,   0.71 ,   0.68 ,   0.17 
0643,   0.45 ,   0.68 ,   0.19 
0644,   0.81 ,   0.72 ,   0.15 
0645,   0.82 ,   0.77 ,   0.18 
0646,   0.36 ,   0.75 ,   0.24 
0647,   0.35 ,   0.56 ,   0.32 
0648,   0.45 ,   0.33 ,   0.32 
0649,   0.8  ,   0.4  ,   0.19 
0650,   0.67 ,   0.24 ,   0.17 
0651,   0.46 ,   0.45 ,   0.34 
0652,   0.26 ,   0.6  ,   0.24 
0653,   0.4  ,   0.6  ,   0.15 
0654,   0.72 ,   0.49 ,   0.15 
0655,   0.63 ,   0.7  ,   0.17 
0656,   0.41 ,   0.8  ,   0.15 
0657,   0.46 ,   0.76 ,   0.23 
0658,   0.59 ,   0.63 ,   0.19 
0659,   0.84 ,   0.82 ,   0.15 
0660,   0.63 ,   0.54 ,   0.35 
0661,   0.23 ,   0.81 ,   0.16 
0662,   0.81 ,   0.36 ,   0.16 
0663,   0.42 ,   0.6  ,   0.32 
0664,   0.55 ,   0.55 ,   0.16 
0665,   0.71 ,   0.29 ,   0.16 
0666,   0.2  ,   0.23 ,   0.16 
0667,   0.56 ,   0.32 ,   0.3  
0668,   0.46 ,   0.66 ,   0.26 
0669,   0.66 ,   0.4  ,   0.21 
0670,   0.83 ,   0.74 ,   0.16 
0671,   0.49 ,   0.42 ,   0.3  
0672,   0.63 ,   0.62 ,   0.31 
0673,   0.51 ,   0.4  ,   0.21 
0674,   0.22 ,   0.41 ,   0.16 
0675,   0.66 ,   0.25 ,   0.24 
0676,   0.42 ,   0.38 ,   0.21 
0677,   0.5  ,   0.62 ,   0.37 
0678,   0.61 ,   0.32 ,   0.22 
0679,   0.84 ,   0.37 ,   0.15 
0680,   0.43 ,   0.5  ,   0.2  
0681,   0.25 ,   0.22 ,   0.22 
0682,   0.32 ,   0.48 ,   0.18 
0683,   0.67 ,   0.38 ,   0.17 
0684,   0.41 ,   0.44 ,   0.3  
0685,   0.84 ,   0.5  ,   0.15 
0686,   0.3  ,   0.55 ,   0.28 
0687,   0.52 ,   0.62 ,   0.36 
0688,   0.18 ,   0.49 ,   0.18 
0689,   0.22 ,   0.71 ,   0.19 
0690,   0.29 ,   0.65 ,   0.2  
0691,   0.41 ,   0.56 ,   0.18 
0692,   0.58 ,   0.66 ,   0.26 
0693,   0.74 ,   0.53 ,   0.23 
0694,   0.67 ,   0.56 ,   0.18 
0695,   0.41 ,   0.4  ,   0.3  
0696,   0.23 ,   0.7  ,   0.19 
0697,   0.29 ,   0.3  ,   0.24 
0698,   0.66 ,   0.57 ,   0.33 
0699,   0.6  ,   0.69 ,   0.21 
0700,   0.32 ,   0.58 ,   0.15 
0701,   0.6  ,   0.58 ,   0.18 
0702,   0.51 ,   0.35 ,   0.23 
0703,   0.5  ,   0.22 ,   0.17 
0704,   0.47 ,   0.33 ,   0.16 
0705,   0.35 ,   0.83 ,   0.16 
0706,   0.66 ,   0.81 ,   0.16 
0707,   0.58 ,   0.3  ,   0.24 
0708,   0.61 ,   0.65 ,   0.24 
0709,   0.26 ,   0.57 ,   0.18 
0710,   0.31 ,   0.44 ,   0.15 
0711,   0.71 ,   0.34 ,   0.22 
0712,   0.66 ,   0.7  ,   0.25 
0713,   0.4  ,   0.69 ,   0.17 
0714,   0.34 ,   0.6  ,   0.32 
0715,   0.24 ,   0.36 ,   0.2  
0716,   0.6  ,   0.68 ,   0.19 
0717,   0.81 ,   0.46 ,   0.16 
0718,   0.8  ,   0.38 ,   0.17 
0719,   0.26 ,   0.3  ,   0.23 
0720,   0.67 ,   0.49 ,   0.21 
0721,   0.4  ,   0.24 ,   0.16 
0722,   0.35 ,   0.29 ,   0.27 
0723,   0.58 ,   0.49 ,   0.35 
0724,   0.42 ,   0.51 ,   0.28 
0725,   0.2  ,   0.7  ,   0.17 
0726,   0.44 ,   0.44 ,   0.2  
0727,   0.35 ,   0.57 ,   0.15 
0728,   0.25 ,   0.54 ,   0.21 
0729,   0.54 ,   0.67 ,   0.24 
0730,   0.43 ,   0.57 ,   0.3  
0731,   0.35 ,   0.64 ,   0.33 
0732,   0.66 ,   0.8  ,   0.16 
0733,   0.57 ,   0.29 ,   0.25 
0734,   0.33 ,   0.74 ,   0.21 
0735,   0.39 ,   0.34 ,   0.2  
0736,   0.43 ,   0.78 ,   0.15 
0737,   0.4  ,   0.56 ,   0.18 
0738,   0.27 ,   0.72 ,   0.15 
0739,   0.6  ,   0.75 ,   0.24 
0740,   0.62 ,   0.64 ,   0.25 
0741,   0.31 ,   0.27 ,   0.23 
0742,   0.34 ,   0.41 ,   0.28 
0743,   0.4  ,   0.72 ,   0.21 
0744,   0.46 ,   0.69 ,   0.26 
0745,   0.39 ,   0.62 ,   0.33 
0746,   0.69 ,   0.68 ,   0.16 
0747,   0.22 ,   0.77 ,   0.2  
0748,   0.42 ,   0.2  ,   0.18 
0749,   0.44 ,   0.24 ,   0.17 
0750,   0.28 ,   0.67 ,   0.15 
0751,   0.46 ,   0.36 ,   0.32 
0752,   0.31 ,   0.57 ,   0.27 
0753,   0.45 ,   0.65 ,   0.32 
0754,   0.32 ,   0.39 ,   0.2  
0755,   0.27 ,   0.4  ,   0.24 
0756,   0.71 ,   0.38 ,   0.25 
0757,   0.42 ,   0.7  ,   0.26 
0758,   0.6  ,   0.28 ,   0.16 
0759,   0.65 ,   0.55 ,   0.23 
0760,   0.69 ,   0.23 ,   0.19 
0761,   0.47 ,   0.38 ,   0.37 
0762,   0.37 ,   0.64 ,   0.31 
0763,   0.28 ,   0.58 ,   0.15 
0764,   0.24 ,   0.56 ,   0.22 
0765,   0.16 ,   0.57 ,   0.16 
0766,   0.45 ,   0.45 ,   0.32 
0767,   0.54 ,   0.79 ,   0.18 
0768,   0.36 ,   0.52 ,   0.18 
0769,   0.37 ,   0.42 ,   0.21 
0770,   0.58 ,   0.65 ,   0.22 
0771,   0.51 ,   0.57 ,   0.43 
0772,   0.58 ,   0.55 ,   0.27 
0773,   0.54 ,   0.53 ,   0.3  
0774,   0.25 ,   0.34 ,   0.21 
0775,   0.48 ,   0.62 ,   0.36 
0776,   0.55 ,   0.27 ,   0.22 
0777,   0.48 ,   0.78 ,   0.2  
0778,   0.78 ,   0.57 ,   0.18 
0779,   0.69 ,   0.29 ,   0.28 
0780,   0.6  ,   0.41 ,   0.23 
0781,   0.81 ,   0.36 ,   0.16 
0782,   0.47 ,   0.66 ,   0.26 
0783,   0.26 ,   0.49 ,   0.23 
0784,   0.42 ,   0.75 ,   0.25 
0785,   0.48 ,   0.37 ,   0.29 
0786,   0.78 ,   0.49 ,   0.18 
0787,   0.7  ,   0.28 ,   0.21 
0788,   0.21 ,   0.43 ,   0.19 
0789,   0.76 ,   0.71 ,   0.19 
0790,   0.68 ,   0.28 ,   0.19 
0791,   0.62 ,   0.55 ,   0.21 
0792,   0.55 ,   0.28 ,   0.28 
0793,   0.23 ,   0.32 ,   0.16 
0794,   0.5  ,   0.43 ,   0.18 
0795,   0.64 ,   0.33 ,   0.24 
0796,   0.49 ,   0.69 ,   0.28 
0797,   0.56 ,   0.54 ,   0.25 
0798,   0.52 ,   0.43 ,   0.33 
0799,   0.49 ,   0.21 ,   0.17 
0800,   0.42 ,   0.54 ,   0.2  
0801,   0.29 ,   0.47 ,   0.17 
0802,   0.3  ,   0.68 ,   0.25 
0803,   0.36 ,   0.6  ,   0.27 
0804,   0.27 ,   0.24 ,   0.17 
0805,   0.59 ,   0.27 ,   0.16 
0806,   0.64 ,   0.56 ,   0.3  
0807,   0.55 ,   0.44 ,   0.18 
0808,   0.54 ,   0.75 ,   0.24 
0809,   0.45 ,   0.76 ,   0.24 
0810,   0.58 ,   0.47 ,   0.25 
0811,   0.42 ,   0.45 ,   0.19 
0812,   0.45 ,   0.31 ,   0.26 
0813,   0.56 ,   0.42 ,   0.36 
0814,   0.45 ,   0.46 ,   0.18 
0815,   0.53 ,   0.45 ,   0.34 
0816,   0.35 ,   0.56 ,   0.33 
0817,   0.56 ,   0.79 ,   0.15 
0818,   0.68 ,   0.37 ,   0.28 
0819,   0.32 ,   0.81 ,   0.18 
0820,   0.61 ,   0.39 ,   0.22 
0821,   0.67 ,   0.64 ,   0.32 
0822,   0.52 ,   0.21 ,   0.21 
0823,   0.6  ,   0.43 ,   0.4  
0824,   0.74 ,   0.79 ,   0.2  
0825,   0.52 ,   0.76 ,   0.2  
0826,   0.73 ,   0.8  ,   0.18 
0827,   0.4  ,   0.71 ,   0.18 
0828,   0.38 ,   0.81 ,   0.18 
0829,   0.44 ,   0.31 ,   0.27 
0830,   0.31 ,   0.32 ,   0.15 
0831,   0.22 ,   0.71 ,   0.15 
0832,   0.28 ,   0.47 ,   0.19 
0833,   0.3  ,   0.64 ,   0.28 
0834,   0.3  ,   0.39 ,   0.29 
0835,   0.44 ,   0.56 ,   0.42 
0836,   0.78 ,   0.29 ,   0.16 
0837,   0.39 ,   0.42 ,   0.25 
0838,   0.75 ,   0.68 ,   0.23 
0839,   0.48 ,   0.55 ,   0.21 
0840,   0.65 ,   0.74 ,   0.18 
0841,   0.62 ,   0.57 ,   0.18 
0842,   0.45 ,   0.74 ,   0.17 
0843,   0.54 ,   0.26 ,   0.15 
0844,   0.39 ,   0.58 ,   0.33 
0845,   0.78 ,   0.21 ,   0.18 
0846,   0.53 ,   0.61 ,   0.22 
0847,   0.49 ,   0.45 ,   0.17 
0848,   0.5  ,   0.78 ,   0.18 
0849,   0.53 ,   0.34 ,   0.22 
0850,   0.61 ,   0.44 ,   0.35 
0851,   0.31 ,   0.78 ,   0.17 
0852,   0.43 ,   0.77 ,   0.22 
0853,   0.41 ,   0.76 ,   0.24 
0854,   0.25 ,   0.41 ,   0.22 
0855,   0.29 ,   0.22 ,   0.19 
0856,   0.66 ,   0.65 ,   0.18 
0857,   0.64 ,   0.75 ,   0.16 
0858,   0.33 ,   0.22 ,   0.21 
0859,   0.64 ,   0.24 ,   0.18 
0860,   0.23 ,   0.44 ,   0.15 
0861,   0.21 ,   0.64 ,   0.2  
0862,   0.57 ,   0.44 ,   0.22 
0863,   0.55 ,   0.61 ,   0.31 
0864,   0.16 ,   0.69 ,   0.16 
0865,   0.81 ,   0.25 ,   0.18 
0866,   0.25 ,   0.42 ,   0.17 
0867,   0.52 ,   0.64 ,   0.2  
0868,   0.54 ,   0.54 ,   0.35 
0869,   0.57 ,   0.67 ,   0.28 
0870,   0.8  ,   0.55 ,   0.16 
0871,   0.6  ,   0.29 ,   0.28 
0872,   0.43 ,   0.22 ,   0.2  
0873,   0.5  ,   0.41 ,   0.21 
0874,   0.22 ,   0.79 ,   0.16 
0875,   0.76 ,   0.63 ,   0.16 
0876,   0.25 ,   0.7  ,   0.18 
0877,   0.21 ,   0.25 ,   0.2  
0878,   0.74 ,   0.31 ,   0.23 
0879,   0.51 ,   0.66 ,   0.27 
0880,   0.4  ,   0.22 ,   0.21 
0881,   0.59 ,   0.31 ,   0.3  
0882,   0.52 ,   0.54 ,   0.23 
0883,   0.69 ,   0.46 ,   0.19 
0884,   0.47 ,   0.31 ,   0.3  
0885,   0.34 ,   0.68 ,   0.21 
0886,   0.72 ,   0.55 ,   0.24 
0887,   0.54 ,   0.85 ,   0.15 
0888,   0.64 ,   0.69 ,   0.2  
0889,   0.65 ,   0.24 ,   0.23 
0890,   0.83 ,   0.25 ,   0.15 
0891,   0.4  ,   0.18 ,   0.17 
0892,   0.25 ,   0.39 ,   0.18 
0893,   0.71 ,   0.7  ,   0.22 
0894,   0.59 ,   0.5  ,   0.21 
0895,   0.51 ,   0.46 ,   0.46 
0896,   0.67 ,   0.76 ,   0.16 
0897,   0.54 ,   0.66 ,   0.22 
0898,   0.4  ,   0.46 ,   0.24 
0899,   0.68 ,   0.81 ,   0.17 
0900,   0.42 ,   0.45 ,   0.26 
0901,   0.63 ,   0.83 ,   0.17 
0902,   0.39 ,   0.35 ,   0.32 
0903,   0.26 ,   0.48 ,   0.22 
0904,   0.67 ,   0.35 ,   0.23 
0905,   0.34 ,   0.52 ,   0.23 
0906,   0.46 ,   0.39 ,   0.38 
0907,   0.79 ,   0.35 ,   0.2  
0908,   0.45 ,   0.59 ,   0.26 
0909,   0.43 ,   0.19 ,   0.17 
0910,   0.27 ,   0.69 ,   0.22 
0911,   0.67 ,   0.76 ,   0.22 
0912,   0.48 ,   0.39 ,   0.25 
0913,   0.66 ,   0.76 ,   0.15 
0914,   0.22 ,   0.8  ,   0.16 
0915,   0.27 ,   0.7  ,   0.15 
0916,   0.43 ,   0.35 ,   0.25 
0917,   0.76 ,   0.51 ,   0.15 
0918,   0.52 ,   0.29 ,   0.21 
0919,   0.49 ,   0.38 ,   0.19 
0920,   0.3  ,   0.28 ,   0.18 
0921,   0.8  ,   0.21 ,   0.19 
0922,   0.52 ,   0.3  ,   0.29 
0923,   0.51 ,   0.34 ,   0.32 
0924,   0.49 ,   0.45 ,   0.37 
0925,   0.79 ,   0.79 ,   0.18 
0926,   0.66 ,   0.48 ,   0.26 
0927,   0.33 ,   0.3  ,   0.21 
0928,   0.29 ,   0.44 ,   0.23 
0929,   0.53 ,   0.25 ,   0.24 
0930,   0.6  ,   0.68 ,   0.28 
0931,   0.42 ,   0.55 ,   0.2  
0932,   0.29 ,   0.47 ,   0.22 
0933,   0.5  ,   0.48 ,   0.33 
0934,   0.37 ,   0.83 ,   0.17 
0935,   0.75 ,   0.22 ,   0.16 
0936,   0.22 ,   0.32 ,   0.16 
0937,   0.66 ,   0.57 ,   0.26 
0938,   0.56 ,   0.26 ,   0.25 
0939,   0.52 ,   0.47 ,   0.28 
0940,   0.67 ,   0.77 ,   0.19 
0941,   0.59 ,   0.2  ,   0.16 
0942,   0.37 ,   0.41 ,   0.17 
0943,   0.77 ,   0.69 ,   0.16 
0944,   0.6  ,   0.67 ,   0.23 
0945,   0.57 ,   0.46 ,   0.38 
0946,   0.69 ,   0.78 ,   0.2  
0947,   0.78 ,   0.46 ,   0.17 
0948,   0.32 ,   0.62 ,   0.25 
0949,   0.3  ,   0.21 ,   0.21 
0950,   0.32 ,   0.58 ,   0.21 
0951,   0.76 ,   0.23 ,   0.22 
0952,   0.67 ,   0.3  ,   0.29 
0953,   0.4  ,   0.76 ,   0.15 
0954,   0.51 ,   0.5  ,   0.22 
0955,   0.37 ,   0.25 ,   0.24 
0956,   0.52 ,   0.32 ,   0.2  
0957,   0.61 ,   0.44 ,   0.27 
0958,   0.63 ,   0.59 ,   0.29 
0959,   0.47 ,   0.6  ,   0.31 
0960,   0.62 ,   0.81 ,   0.15 
0961,   0.19 ,   0.29 ,   0.16 
0962,   0.54 ,   0.53 ,   0.44 
0963,   0.62 ,   0.67 ,   0.21 
0964,   0.78 ,   0.77 ,   0.15 
0965,   0.53 ,   0.22 ,   0.18 
0966,   0.38 ,   0.34 ,   0.16 
0967,   0.39 ,   0.62 ,   0.24 
0968,   0.2  ,   0.68 ,   0.2  
0969,   0.53 ,   0.17 ,   0.16 
0970,   0.52 ,   0.62 ,   0.26 
0971,   0.7  ,   0.74 ,   0.19 
0972,   0.66 ,   0.72 ,   0.21 
0973,   0.44 ,   0.23 ,   0.17 
0974,   0.47 ,   0.43 ,   0.29 
0975,   0.56 ,   0.39 ,   0.28 
0976,   0.48 ,   0.43 ,   0.25 
0977,   0.44 ,   0.67 ,   0.32 
0978,   0.48 ,   0.43 ,   0.37 
0979,   0.46 ,   0.35 ,   0.28 
0980,   0.68 ,   0.43 ,   0.23 
0981,   0.64 ,   0.55 ,   0.26 
0982,   0.56 ,   0.56 ,   0.15 
0983,   0.37 ,   0.7  ,   0.16 
0984,   0.33 ,   0.35 ,   0.19 
0985,   0.42 ,   0.64 ,   0.35 
0986,   0.69 ,   0.63 ,   0.27 
0987,   0.24 ,   0.55 ,   0.18 
0988,   0.48 ,   0.45 ,   0.29 
0989,   0.43 ,   0.5  ,   0.26 
0990,   0.32 ,   0.33 ,   0.29 
0991,   0.4  ,   0.48 ,   0.37 
0992,   0.59 ,   0.83 ,   0.16 
0993,   0.56 ,   0.6  ,   0.26 
0994,   0.42 ,   0.77 ,   0.16 
0995,   0.78 ,   0.63 ,   0.16 
0996,   0.43 ,   0.3  ,   0.2  
0997,   0.77 ,   0.75 ,   0.21 
0998,   0.5  ,   0.28 ,   0.24 
0999,   0.24 ,   0.53 ,   0.24 
